<Run> <GlobalFo>
0 -27.8047 -0.834439 1.98744 1.85952 1.6423 -0.13706 -2.15026 1.71121 -1.299 -0.0588144 1.97611 0.0908773 -1.46825 -1.93724 -1.87947 0.751826 -1.76415 -0.489306 1.88268 1.16849 1.9147 -0.722169 1.71035 0.996786 -1.42314 0.690279 -0.0152628 -1.18756 -2.07676 -0.92047 -1.34219 1.71852 -0.280273 0.852287 -1.70899 -1.96663 0.109741 -0.986832 -2.04413 1.38265 1.08224 -0.480167 1.43796 2.0698 0.208469 -0.359955 0.134008 -1.89232 0.841924 1.18033 -0.721679 0.128643 1.02412 -0.121458 -0.413786 2.87111 -1.15074 -0.0806518 0.757127 -1.21366 1.1988 -0.427654 -1.36427 -2.0712 -0.682425 -0.495008 -1.56055 -0.186631 -0.658138 -0.680861 -1.15808 -0.00344446 1.10445 -0.847185 1.70776 1.01617 -1.13631 -2.08319 -0.647072 -1.28848 2.3904 1.46987 3.00299 2.3655 -1.13009 2.50726 -0.393906 1.93289 -2.26297 0.924338 -1.00606 2.45471 2.34387 1.15962 -0.263817 -2.24183 2.65412 -1.0746 -1.26643 -0.323382 -1.42106 1.95721 0.422468 0.817602 0.576524 -0.194266 Fo: -27.8047 

1 -23.0999 0.595701 1.85302 1.69107 1.33318 -1.12154 1.83032 -1.69918 0.33766 1.76545 -1.80449 1.46409 1.02816 -2.11198 0.616313 1.9712 1.76032 -1.92958 -1.46743 -0.645631 -0.15967 0.939083 1.89626 0.87061 0.699248 0.933256 0.326112 -1.73619 -1.84445 1.97705 0.653068 0.131323 0.722162 -2.00649 -1.60114 -0.440613 0.810534 -1.74016 0.358886 -1.14122 -2.04505 1.37727 -0.742176 0.0682195 -0.803058 -0.224505 0.525549 -0.227403 -0.345806 1.76023 2.00823 -0.916361 1.49712 -0.29248 -1.06357 1.58989 -0.849708 -2.03862 -2.30942 -0.740923 0.424498 -1.95819 0.12759 -0.858895 -0.948804 -0.68591 -0.284834 -2.71618 1.65733 0.342412 0.267988 2.04733 -1.58395 -2.44692 -0.699852 -0.731032 0.54755 -0.296768 -0.471952 -0.723309 0.191034 1.10059 -1.70837 -1.24636 -0.355678 0.424054 0.719587 -0.000752697 2.05789 0.401014 -0.262535 0.127604 -2.52715 1.81152 -2.48205 -1.59848 0.122103 2.55213 -2.31117 0.549193 0.90884 1.83791 1.52569 -0.25385 1.25372 -1.60939 Fo: -23.0999 

2 -32.9637 0.6715 -1.55213 -0.614533 -1.82744 0.438029 1.78266 1.0344 -1.85356 -1.25129 1.04315 -1.15478 2.01948 -1.54792 -1.22077 1.11287 1.98769 -1.59755 0.696954 -1.36249 -1.63742 0.606232 -1.66083 -1.51979 -1.54253 -0.746316 1.36761 1.03085 -0.554739 1.66038 1.86944 1.76298 0.27064 2.00145 -1.53638 0.433555 -0.180722 0.891786 -1.84785 1.9699 1.86087 0.441588 -1.70471 1.90908 1.48548 -2.038 1.17212 0.149989 -0.288266 -0.673275 -1.9993 0.823071 -1.92803 -1.90552 1.37127 -0.206573 -0.85951 -1.86753 -2.17283 0.0410382 0.183366 0.204286 -2.28826 -2.09796 -1.81949 -1.15108 -0.0335619 -1.75321 0.127095 -1.93541 1.7231 0.217411 -0.501697 -0.272631 0.470766 -1.47006 -2.95156 -1.98757 2.24027 1.17964 0.25465 2.14092 -1.04782 1.84679 0.617568 -2.23371 -1.65696 -1.54695 1.69636 -1.36462 1.27914 -1.67135 -1.32048 1.87757 -2.02833 -1.03078 -2.67993 1.30908 -2.25126 0.966631 -1.68015 2.89048 1.42256 1.85 -1.15729 0.397836 Fo: -32.9637 

3 -18.2584 0.797998 -1.82868 0.00411678 -1.67869 -1.75141 0.674497 0.0295861 -2.09621 -0.295374 1.94012 -0.0597531 0.385942 0.301749 0.337009 0.270884 0.502151 -0.166493 0.927447 0.101355 1.21647 1.77837 0.0263953 -1.80746 1.28196 0.657385 2.09289 1.82 0.00993109 0.133147 0.141621 1.59046 -1.86748 2.02849 1.80732 -1.69722 -0.00810115 -0.824037 -0.784071 -2.01626 -1.1814 1.73408 -1.73363 1.17136 0.0833596 1.68989 -1.53082 -0.794788 1.22432 -0.419338 -0.0136785 -0.899127 1.90885 -0.0367897 0.569814 -1.3744 -1.32901 2.21724 0.594307 -0.40403 -1.0166 -0.608366 -1.6801 -0.452555 -0.87029 1.8852 -0.332097 -0.615433 2.76318 0.357592 -2.29241 0.528518 -1.22318 -2.17235 -0.820838 -2.45521 0.859658 0.843756 -1.61528 1.33898 0.52655 -2.99727 0.467273 -1.76089 -0.521999 1.58071 1.28975 -0.188635 0.653585 -2.41082 0.882097 0.272827 -0.156335 -1.63204 0.119173 -0.967675 0.0204412 0.164704 2.33643 0.0430595 -1.38106 0.161191 0.707022 -0.493254 -0.0376756 0.222461 Fo: -18.2584 

4 -15.807 1.95815 1.30192 1.42453 -0.870397 0.657673 1.08492 1.4606 1.83972 1.72703 -1.35152 0.368803 -0.205184 1.24096 -0.66032 -1.1121 -0.608495 -2.06609 -0.334831 -0.925332 0.327467 -0.875465 0.433852 1.73685 0.699839 1.8061 1.29146 1.36635 -1.83711 -0.322769 -0.581063 -1.73813 -1.9268 1.36508 -1.18499 1.84314 -1.89086 1.10153 -0.350777 1.77677 -0.982344 1.53284 -1.74 1.37695 -1.65463 -1.65973 0.674191 1.90515 -0.585402 -1.43636 -0.884662 0.633354 0.144303 0.782519 3.02777 2.62565 -1.40721 2.36411 -2.74431 -1.55826 -2.68541 -0.997214 -0.688734 -3.0636 -1.23729 -0.134828 -2.61861 -0.537374 -0.101659 2.85257 0.281885 -1.78931 -2.47396 -2.55844 -1.22183 -0.80213 -0.845392 -0.0821794 -2.04794 -1.99556 -0.912641 1.55551 -1.02305 0.998889 1.47314 1.29919 -0.155049 -2.23147 0.498932 -2.01374 0.51348 -1.22138 0.428946 0.247607 -0.0186796 0.290064 -2.19948 -2.40469 -0.990201 1.69462 0.472121 -0.799338 2.08266 -0.0970067 1.85126 1.75123 Fo: -15.807 

5 -23.646 -1.85302 -1.4255 2.03598 -1.41476 -0.371203 -0.613849 1.88986 -0.950108 -0.254233 1.81695 -1.52039 0.0306083 -1.86482 -0.113111 -1.87209 2.05049 -1.85081 -1.69536 0.151909 1.31881 1.53901 1.95757 -1.99583 -0.365064 0.0994384 0.588318 -0.925239 -0.00708488 -1.93643 -1.98445 1.94087 1.01169 1.26136 -1.31996 -1.36302 0.402674 1.10792 -0.601319 0.581254 -0.988365 -0.351932 -0.151866 1.88286 -1.46203 0.539256 0.917519 0.337799 0.872577 -1.61229 2.06169 0.178053 -0.230992 1.72197 0.871611 -0.847911 1.49159 0.866813 -0.0815063 0.284152 -2.1475 -0.173565 1.55156 0.959206 2.14738 -0.762646 1.37222 0.427499 2.38237 0.278572 0.547771 -2.15476 2.39589 -0.330485 1.18499 -1.80371 1.48601 -0.122695 1.03821 1.05672 2.49367 1.71103 0.736824 -1.85148 -2.66796 1.45665 -1.59689 1.22783 -0.168749 1.7062 2.4409 1.24796 -0.364644 1.46306 0.560475 2.24192 2.41282 1.99527 1.38329 2.06433 0.217183 1.98153 1.08993 2.71922 1.32561 1.57377 Fo: -23.646 

6 -28.1538 -1.19172 0.67002 -1.31293 1.7383 -1.31092 1.74664 2.00941 2.02967 0.953943 0.69165 -2.11047 1.57317 -2.02019 -0.351143 0.112435 1.46256 -2.01301 1.99045 -1.78582 -1.98387 0.394403 -0.89442 1.92433 0.784005 0.591079 1.93063 -0.904026 1.62994 1.17871 0.470221 2.07583 1.45401 -1.07199 2.05479 -0.499275 -0.911603 0.417592 1.72294 -0.456661 -1.97705 1.1167 -1.52457 1.0826 -1.22056 2.02506 -0.475542 -0.0604661 -0.601182 -0.911485 1.39088 1.47324 0.874679 2.01113 0.798573 -1.34227 -1.5703 -2.68227 1.8383 -1.07547 3.02371 -1.50207 1.53411 1.93529 1.87131 -1.93971 -0.349239 -2.20977 0.199548 -1.95011 2.2838 -0.26744 -1.18872 0.409166 0.194876 -0.132602 2.43599 0.272562 0.307619 -0.70232 -2.55804 0.394681 2.4933 0.836545 2.41025 0.226462 0.461955 0.464823 -1.66332 -0.706642 2.46427 0.924451 -1.90683 -1.85575 -1.1069 1.30884 0.635633 -2.15378 0.547186 -0.408208 1.63595 1.24123 1.57339 2.61715 -1.23822 0.53764 Fo: -28.1538 

7 -18.8154 -0.262694 -1.6843 -0.330876 0.565224 0.488217 0.337686 0.0926205 1.98727 0.936598 0.791268 -0.891286 1.19348 -0.896709 -2.09492 -0.914166 -0.413331 2.03097 -1.92234 -0.0173103 -1.5488 1.81201 -1.53133 1.41702 0.894476 -0.538313 1.43445 1.00552 1.34332 -1.81228 2.01045 1.52507 -1.5191 -1.34743 -0.875746 -1.94044 0.100726 0.76747 -1.62362 1.56847 -1.8522 0.691519 -0.0452065 -1.40909 -1.34155 0.432661 -1.69208 -1.07441 1.88406 1.9986 -0.290729 -1.55074 0.175401 0.743162 0.0146414 -0.787551 1.37172 1.08407 2.84411 -0.233852 -0.637325 -1.4713 -0.577878 1.09408 -0.425615 0.0530554 1.25634 1.42055 1.16846 -0.0579099 0.52578 -0.477207 1.03845 1.19116 -1.34333 -0.483294 -2.69973 -3.02855 -1.11402 0.00303157 1.58871 0.14795 1.14621 2.72467 -0.805189 2.40173 -1.4816 -2.13606 0.271546 -1.27728 -2.5561 2.57091 0.204527 2.24322 0.362014 1.86102 0.70517 -1.15052 1.32164 -1.55679 -1.60453 1.3983 -0.0555635 -2.31586 -0.316637 0.771697 Fo: -18.8154 

8 -22.0374 0.594038 -0.465806 -1.24934 0.220133 1.75196 -1.13139 -1.95568 0.527144 -0.452723 1.64286 -1.97034 -2.0718 -0.230686 0.461899 0.235884 0.132635 1.60552 -1.1938 -1.97715 0.838096 0.91368 -2.04401 1.73303 -1.72238 -1.94415 -1.46463 1.30994 -1.24343 -1.10753 0.200846 -1.57368 -1.94578 1.99886 -1.94062 -1.68332 0.475239 1.28843 -0.185559 0.960233 1.54316 -1.9703 -1.77747 0.849366 -0.72798 1.31654 -1.20515 -1.09387 -0.133876 -0.0172907 -1.22297 1.84193 0.494719 0.418594 -1.04369 0.0718088 2.84435 0.998356 -1.70814 0.0847016 2.6871 -1.72419 -1.48441 0.911725 1.61506 -0.0206685 -0.292413 0.525109 2.57633 -1.4161 -0.145082 -2.02159 -0.171233 -1.98832 2.12635 1.99956 0.74581 -1.20127 -0.608226 2.25145 -3.04228 0.839193 -0.0937796 -1.36423 -1.98526 -3.00207 -0.0756132 -0.113632 -1.24047 -1.58246 -0.0791132 -0.558149 2.4423 -1.05416 1.084 -1.9284 2.49755 -0.289524 1.02856 -0.231213 -0.825164 1.31796 0.45681 1.0782 -0.149885 0.915583 Fo: -22.0374 

9 -14.8736 1.92308 -1.85811 0.35297 1.20992 -0.955667 1.61632 1.33933 -1.7227 -0.0481151 -2.03949 0.598074 0.148914 -0.0385604 1.73992 1.33768 -1.61629 -1.9823 0.233372 -1.94971 0.900237 -1.83473 0.444744 -0.427714 -1.27598 -1.57657 1.13436 -1.97671 2.00926 -1.77552 0.95177 1.3578 1.95347 0.756455 -1.92799 -0.987518 -0.441628 0.340184 -0.85617 -1.99902 2.06332 -1.5493 0.18074 2.04499 1.27511 0.513846 0.766235 0.43415 -0.391373 1.9288 0.816423 -0.367696 1.0514 -1.88214 0.329701 2.73615 -3.00055 -1.71481 -1.26533 -1.42998 1.4735 0.0390227 0.211189 -2.20927 -1.39397 -2.67935 -2.39064 -2.95146 -0.967741 -2.11137 -0.230577 0.59521 1.32587 -0.405504 1.0605 1.41981 -1.52662 0.21386 -0.427567 0.573977 -2.69468 -0.665726 2.53545 -2.09029 1.5322 0.904699 -2.63042 1.92151 -1.75436 -1.12444 2.2303 0.716082 2.882 -1.49156 0.78074 -0.178201 0.814376 -2.43028 -1.75219 -1.92809 -1.45422 2.23095 1.39385 -1.4127 -1.39281 -0.317409 Fo: -14.8736 
